1.00000001,0.38957528181946677,0.4704292087938165,0.5093870101856366,0.5416263761077104,0.4596960147737747
0.38957528181946677,1.00000001,0.5744418380248942,0.3719174875348671,0.526880525615173,0.49486302155014805
0.4704292087938165,0.5744418380248942,1.00000001,0.4887205338822279,0.5718842935100137,0.574765341529492
0.5093870101856366,0.3719174875348671,0.4887205338822279,1.00000001,0.5248591052809676,0.4385366843858661
0.5416263761077104,0.526880525615173,0.5718842935100137,0.5248591052809676,1.00000001,0.6386947900705833
0.4596960147737747,0.49486302155014805,0.574765341529492,0.4385366843858661,0.6386947900705833,1.00000001
