1.0,0.38421170197859583,0.47245589052737796,0.5120404615160816,0.5406176316751556,0.4594435607946177
0.38421170197859583,1.0,0.5675284061968685,0.36423602762159546,0.5276053197906714,0.4954035582073266
0.47245589052737796,0.5675284061968685,1.0,0.4828891330222696,0.5666870651871184,0.5738229396852002
0.5120404615160816,0.36423602762159546,0.4828891330222696,1.0,0.5243494177159129,0.4387657797517952
0.5406176316751556,0.5276053197906714,0.5666870651871184,0.5243494177159129,1.0,0.6396189145009606
0.4594435607946177,0.4954035582073266,0.5738229396852002,0.4387657797517952,0.6396189145009606,1.0
